1265
1262
1258
1254
1250
1246
1243
1239
1234
1230
1225
1219
1214
1209
1205
1201
1197
1192
1186
1182
1177
1174
1169
1165
1162
1159
1155
1152
1148
1145
1141
1137
1134
1131
1127
1124
1120
1118
1115
1113
1111
1107
1105
1102
1100
1097
1095
1092
1088
1086
1082
1079
1075
1071
1067
1062
1057
1052
1047
1043
1038
1033
1029
1025
1020
1016
1011
1007
1004
1000
995
988
982
976
971
966
960
954
947
938
931
924
917
910
902
893
886
879
873
868
863
857
852
848
843
838
833
828
824
820
815
810
806
801
795
790
784
779
774
769
765
760
754
747
741
735
728
719
712
704
697
688
681
674
668
661
655
651
647
642
638
634
630
626
623
619
615
610
606
602
597
592
586
581
576
571
568
565
562
559
556
552
550
547
543
539
537
534
530
527
524
520
516
513
510
506
503
499
496
493
490
487
483
481
477
474
470
467
465
462
460
457
455
453
450
448
444
441
437
434
431
428
426
424
421
420
418
417
416
414
412
409
408
404
400
397
395
392
388
385
382
379
377
375
373
371
369
367
365
363
361
358
356
353
350
348
344
341
339
336
335
333
332
331
331
329
328
327
326
323
320
318
315
310
306
302
298
295
290
286
283
279
275
272
269
266
263
261
257
254
252
248
245
242
238
235
231
227
223
218
214
209
204
200
195
191
187
183
179
175
169
164
160
155
151
147
143
139
135
132
127
123
119
116
113
110
107
105
103
101
101
100
100
99
99
99
99
97
97
97
97
97
97
97
97
98
98
100
101
102
105
107
110
112
115
118
120
123
127
131
135
140
144
148
152
156
161
166
171
175
179
186
193
201
211
220
231
239
248
256
265
276
285
296
304
315
324
332
342
350
360
367
375
386
398
409
424
434
445
455
466
474
483
492
498
506
511
518
524
528
533
537
541
546
550
555
561
564
567
571
574
577
582
585
587
590
593
596
598
601
603
606
608
610
612
614
617
621
624
627
630
634
638
642
646
651
656
660
665
669
674
678
682
684
688
690
694
696
699
701
703
707
709
713
716
720
723
728
732
737
741
747
752
759
765
770
776
780
786
791
797
801
806
811
816
821
825
831
837
843
849
854
859
863
868
874
878
883
887
890
895
901
906
912
918
922
928
932
938
943
946
950
954
957
959
963
963
967
968
971
972
974
976
976
977
979
980
980
980
981
983
984
985
985
986
987
987
988
988
989
989
990
990
