167
168
170
173
176
180
184
188
193
198
202
208
213
220
227
234
241
248
256
263
272
280
289
297
306
315
324
333
339
347
354
362
370
377
385
393
400
408
416
422
428
435
441
448
453
458
461
465
469
472
474
476
478
478
478
477
475
470
465
458
451
446
433
423
412
401
389
379
367
357
347
336
326
315
306
296
285
274
265
257
249
242
236
232
228
227
226
226
226
226
226
228
234
240
249
259
269
280
292
304
316
328
337
351
362
373
383
393
402
411
418
426
432
438
443
446
447
448
448
448
445
442
437
431
425
417
409
401
393
383
374
361
351
341
328
317
302
291
277
265
253
242
231
221
210
200
190
181
172
165
158
151
144
139
133
129
124
121
118
116
114
113
113
113
113
113
113
113
113
114
